image_width: 856
image_height: 480
camera_name: bebop_front
camera_matrix:
  rows: 3
  cols: 3
  data: [539.341955, 0.000000, 428.003420, 0.000000, 531.937382, 220.121824, 0.000000, 0.000000, 1.000000]
distortion_model: plumb_bob
distortion_coefficients:
  rows: 1
  cols: 5
  data: [0.000425, 0.008716, -0.012014, -0.001670, 0.000000]
rectification_matrix:
  rows: 3
  cols: 3
  data: [1.000000, 0.000000, 0.000000, 0.000000, 1.000000, 0.000000, 0.000000, 0.000000, 1.000000]
projection_matrix:
  rows: 3
  cols: 4
  data: [547.453857, 0.000000, 426.251705, 0.000000, 0.000000, 536.442993, 213.311714, 0.000000, 0.000000, 0.000000, 1.000000, 0.000000]
